[gd_scene load_steps=6 format=3 uid="uid://2mathsfwagr5"]

[ext_resource type="Script" path="res://Terrian.gd" id="1_cgmmo"]

[sub_resource type="NavigationMesh" id="NavigationMesh_lqi4r"]
vertices = PackedVector3Array(0, 0.45, -7, -7, 0.45, 0, -7, 0.45, 7, 0, 0.45, 7, 7, 0.45, 0, 7, 0.45, -7, 0, 0.45, 7, 7, 0.45, 7, 7, 0.45, 0, 0, 0.45, -7, -7, 0.45, -7, -7, 0.45, 0)
polygons = [PackedInt32Array(5, 4, 0), PackedInt32Array(0, 4, 3), PackedInt32Array(0, 3, 1), PackedInt32Array(1, 3, 2), PackedInt32Array(8, 7, 6), PackedInt32Array(11, 10, 9)]

[sub_resource type="PhysicalSkyMaterial" id="PhysicalSkyMaterial_5v55u"]

[sub_resource type="Sky" id="Sky_2nexr"]
sky_material = SubResource("PhysicalSkyMaterial_5v55u")

[sub_resource type="Environment" id="Environment_mqsmc"]
background_mode = 2
sky = SubResource("Sky_2nexr")

[node name="Terrian" type="Node3D"]
script = ExtResource("1_cgmmo")

[node name="NavigationRegion3D" type="NavigationRegion3D" parent="."]
transform = Transform3D(0.989254, 0.146204, 0, -0.146204, 0.989254, 0, 0, 0, 1, 0, 0, 0)
navigation_mesh = SubResource("NavigationMesh_lqi4r")

[node name="CSGBox3D" type="CSGBox3D" parent="NavigationRegion3D"]
transform = Transform3D(15, 0, 0, 0, 0.1, 0, 0, 0, 15, 0, 0, 0)
use_collision = true

[node name="Camera3D" type="Camera3D" parent="."]
transform = Transform3D(1, 0, 0, 0, 0.978198, 0.207673, 0, -0.207673, 0.978198, 0, 2.73096, 11.8373)

[node name="DirectionalLight3D" type="DirectionalLight3D" parent="."]
transform = Transform3D(1, 0, 0, 0, 0.933718, 0.358009, 0, -0.358009, 0.933718, 0, 2.14711, 9.07591)
light_energy = 6.01
shadow_enabled = true

[node name="WorldEnvironment" type="WorldEnvironment" parent="."]
environment = SubResource("Environment_mqsmc")
